$ANSIBLE_VAULT;1.1;AES256
30353837336539306231623261303562653835343739303564306137333531303565393032323232
6635343663383534326161353034313139353761353165350a616636373331623662366331363632
66323534383238663331356631313036303961616664366330386430366635616132383731363938
3236643030653662320a333863633463653766303037613432313733366636623930326434613836
62333538383037326362366261613364303432363938343362393739353861366465643066643333
62616365323566636138323431366365653536343761336361336232396363323662373662666665
30313964626136393039373137613264626563373933383132383236346564393237393266626334
36383061313233616630323839363234613038646230666335656138326166343232666638653766
66363064386364666436633963363538636437313432636233373839383335623963643364393136
31623930313432643131626265653961633734623166613234373262363062356132643438386263
65653134323339363065376461376264313435386332343835326235363432643037646337653834
32383564333837343866336335626134343430343033396534373338333162616633333636653637
65313337343533383762646536646634393138323030643239373739346564383831383632303264
64656130313862633738306361393664396434396532313263626238353464623230643630626462
62366137383537326435613637366363366166313533343165366262346262333038316361343766
63363537376233376537653135633861633766663236663038353133363233643562633163363634
66396336363863373866666566393262663939333237396338323766626665613062313535323934
33343034393162353962633238393234613065663039356135333939636236343366316361333932
62616461613332623530646236353036653835616463623461386234333566363033656636623763
61306133336630656631393066343061343133366139343238373032343665333432366661663564
39366461353231343630666563336661353631393730356134643266383861313032333739313335
66613138373839663663356165396332643034333634343932303439396539363061643231323365
64613165656166343736333265326335623035343637326239646331666338663430306134616230
32333135653936393065376162303663383261666230663666623737393563643866393064313364
30373262346337663637343265356166343862383336343937383365376134333161356432613132
34353765326366623139633037623332366633613137616163656637373136626363326462613466
65626638363633373162383562393462656663626266376630393164306166376432366437383438
62656465356362373364623834356132383830393862613137663266653733313730303436353238
33323861616166646330393737626663326330313734613035393030386336306139316234633663
61623064333832336439303538303938346531613935366136613462343636313562393963363739
39386336343234373836303664373835623139393438356439313339363737633333613435333838
63623639386434356531363632383563363938306537386335373764643839333032616430663263
39363966623665633566623135663061636365393831643130366334306363643430303034343461
63626663366239346162363839626462376162373363346335643939306465363432306334323965
34373763326362626662326239386461616335393532613264333336326365393834663165316366
66323034656161353030643365623232346132373039623832383162323631646235616339316630
30623735393436396666613930346164366137323865616539393765633438616231383231336239
38383532346532663534383730353762636164383632643761393831396662613330636533636561
37623134313863386432376265363331653035616235363961336661373663623438363264376533
62643164386430623366333131313037303264343733363863626235653065373630633538333864
64356166353630623863373766363834386236386631373735666536383437613837306163663136
30646430363464663266363334613035383264333136386261303936303238363662383562666438
37663066653434386264386533636462656661653862343436616665323634396339653366616235
31613333653563633734303134363039343637303963333034356161336332663463613563353066
37623962383639653139623430653136323832363062303136383365323432323139363737303861
64326532643439396331366232313438653463326235376238663933626463333964313037306631
36323239356239656437373932366262373831373730646464623934623437643636326536313030
30653866316137356638626430646538343265386138383737366663646566383630663533633165
32396136383934623166333461396131643332366530383737636430313366323838306665346231
65613032343161383930313066383138373937363464343761353136356262373134303566643661
35356636316236313763383133383162326634356562306464393532366530386434373566306666
38313665393437303933343266326433393664346630343136623330656539353133323730643961
33333036656662316638656163303632383666383461333036383238623730363862376331323262
37353837613932633863333833613866646363666133666538303330656364376362646334393035
32386439393733326263323931663063333730616630313735616433343866353737653436373135
30356631333435353036373730663464306134383438303736306431366135653736373565386433
38343063636636633830633838646633656535353466653732393936393963626437363734343231
33323232303338303866653934353231356330336361623738353761666263653265346163316463
37663766333832396664303762653463653037626639303030393666376638333765613263386639
35336534303862663566323265313633303362343131613831353037386663633833623030326237
65323432613763346333376437346431663566663536623334386137333363336437653232386138
66383239653166656362656561633133653562303737633432326230316331653437666664343265
32313764323731366338323538306535656239326231306361393730666335303364346533303034
35383235333431383066353461343036346463363664636532623138373833333863393765396265
32323164333536306163333638386666343738386661373230383765613063313266363132373266
64376133646432373536643833306431303932316461633339613461346133393035343261333964
66666335333635316463626536393132306332663439336238393635353136313035396539373862
38343433366164646232313161656464313961636263633133393433313466386164633362643765
64336164383466663330366138383864646262616437623533343934356233363734653763396531
61393838643435383037313561663738656363343162343839306232653136316333393631313336
38326533663734373737366462623635366439386662663331363765303866376662373237616135
64373361363365663431373132616237333063363065653431656666343163336465643132383665
61336231653463373631303135376165333839383533366632663064326466613961336430633039
66666239646630653766633063653131373234306134373632326361363364383430343134326239
38636533313266643661666631343236383332333333323332373738663833343032363464613735
37353736326237313866613965326362376362633930383736356537306634333632383839613063
32343937666261626638663234393561363531643039653235363864356339633635343434316166
36326461663561303239323631623539343135393637646262343365613461623664646564373432
30393935666464326464326638316564636632313631373666613262313339393064376639653539
35343439383134343935303061616662343063313833343238613536396664373661393534366164
37383265353232383664373165373638633137353037666139366164336639663830343733666633
62633633646137653237316132666532376365646237363438656566386465656663653665633465
33643465613530353939663531393765633661666662303239386531353736613230343631303361
64623935366538303834306334366538626462323264373264346439663861626564363139616230
31623262623766326435663164303534306439663065656363393237633039646364653939643337
32383066346265666636393634313538313434363031326234653033333431306538613230363034
34666565333965646338303932613864656337383263363937346662643335626632383934616436
33663834326331333135313235643863633265373032636337396537303635323134326239313933
36633166353038393539363038653562656165646439623439313731623365363663313438623763
64373336356263346532396437346466343539313264636231626437386462626332663161383265
65333137383663396134393962353837626133323832313335363031366435633731303661633137
66366235383430396561613734633330383634646334316161396634643763623536376565303065
34383934343361323232383832353762326431313433376330323961663532376264373932636665
63616434363931616237656363393837306666373532323031346431313437386261626165373237
303661336363623938626466396563353732
