$ANSIBLE_VAULT;1.1;AES256
35663562313533616466323966363737666661343530396532323362346364363833343163616464
3130633133393231653061363663656465613439363739350a613063376236626437366130373764
34643230636338333138353166363439306664663261613961363365393331323333326233343339
3333616564383739630a346437326561343838623431623832306165376566373834393831353639
37356437666631393163656136346134613832633664633262376333646462366666326335306265
66643239336239653935643634386631623232313861643831636366666163326132306263313265
36636633353134643165366663616330323535623563633863373264653931613435306533393161
32643265326637346661666666336663303463363035316438336366393131613537373230306232
63303962353438623362653439623263316334393236616662336661613763633833323435393236
33346435623464386162643636303238366261396435393836623765386462666262636638626136
33303830393132366230616164383833363838356262666362653233643736386334316131303562
34303938346365666132646235343531353938303030376437366661396530663666623532333036
33373365663030336534336638656166613565373936633164333334313565643632306338636631
39643531313130663663373139346433643830366364326635343036643932383763663339626634
66613936383731663334353263323033333331343663306366626263323461326562636264336262
30393665346530383863623335396331666662636638626239633135613666633139383264633539
66346630396534346432306636623236393532633363306132626462353864633638303535343961
61333866643235343735376637363731346638303639333864313239343634343536356238613336
62366234343464323862333032373933316464353136396566303663303361653538326631363862
33323834623961623332386562356135663435323430353932663537613034386332313635646163
66623661336431383135316634633234646533316534363738353734303261303166366161303430
63646133646238656130343037393364353966313430346139346263623632393236643563626362
36376437363330396261613638313334633638323235383930353534343462616635633464363132
36626532313738333630333137366266393563306636353938383935666133643666613030616634
38666463633165653565316230383638623139613864336533333331623562626631316663623930
39373938663735616132653035373838343464623364336237636133323337663961353937633962
33353466333339336139366339393630646461363031306463373836346366333964633137646664
65616534363634653363356133373430626231633836383034366639303033666635363535663464
38396638313661616630636430363930346665373839363864613134663039663132363939343138
62613931366361313633336564393061363637323263393865633931646464353538366666363239
64623636383336663761633365396231316238336433336537656165366232396635323734646263
37366261643435626139666437373262653061633231633861363935366339633235326634393766
31343730643430396337626430363237323331336134326235616164313937396164653139366438
63633938653334666662633631656337303962633933303661333030326365636230346332393130
30346237633533303736363966363638623633666531653732643230346165663731666235396533
34646435393735313563383233333762623233643834303935646266656165393761646261363935
38653831623839643662313366343430323062616639613562383337653538396564333835323266
32346138643262623265383737646337303939393735386339333363373761326262383661333364
39386230363635373636303536376631616334363033633234373764343939366636336136373164
62316535333763313932346633616233386361366436663833643030633731356230303337306339
36623939326265613062376237303436663266636235366635363236343836626135363862393331
35323235343036353233393532306530313532333336333531363766383861316139656361653638
32353663656539393532663038363133643736643063323264313865376461353563353964303632
30316635386238336438383966376362363238626431356136326436616165373566306366353165
32353665333363616138616536386537666436626633626534366334366133383966316433663265
61646461623037353063313630663432376435333738613165393633613231343539663433666637
36646335626632633666333237613437663936663839643738646533623630643135613964376164
38613238623939303734383130303032643063383834643738646339653362656165376335386536
38653666316662616266396235663832336436353736613233363464653735656334343730623662
35386161396230383364353934653562656166656137646165306530383961643065353539323531
62363239643931653263383331356431616430363266373235333837366465363866343935366233
32613963386163363965373732393738613465346565333962353531306639623461353531376537
33666663373733383461313066636631613463663938643335643130643739396563313834336135
64393263663964363837613634313163393835306137326565623665666561353239353737323765
63643831363231326237616138393730363035376561303561306363383433663166623665623839
36623165363233656361623266313433396236646231373063303731323530313966383662333462
30373463376434353463343566666266343730646661333663653539646566613362303663623063
36333337383735366366356533626166666138663361316432396237326139396136383836653932
33396231303838383137346636616330306563363166303435343063363737633438323834663232
37363366646434363636623736366236303033656438393132383533366638353738626266613766
38383034323434366432313334626662636533353933393232396163356331633561633462346433
32383933373737633562363161393437663162656130623663323138366166346461396562363831
32623163393438653837373263343433623665356636633235373537613731333030366233363332
39373531396463343663346266333464616665303339336334623031353234393536623434306534
33303662396630386239376663343138613835653766323764316632323366393065373836653935
30353234376264376330383334666538333262373630653134353464663862643665373461323164
66623934393466656437656261396235306535643730643464636239626234633331326465363131
34353732663563633266343731386235643633303338373963656237666438366336383561373231
64623061343635646162623332643537393636666136366561643962393661333136313265626239
63613838323565343737356463323734356534623865363835626337313630346236383739303533
38616566393639353437373064363437363731386161323330313637656130363861343732343939
34303061303333386664656162353935346538373934653265393431643239393837343931376538
33643465346164373965623962376462666238636461373238616237313863386664376462363031
34366631646565386434313865633562666436376635653263303337613736363465343734666331
34313932663461633831653635636164323564313061303862356432386536633035643233326532
35303161646133633431323735316532333964663436333836636662313761326364653739363230
30653138626165623961303063356132633664386236326131323334646239393564396265313236
31376432323065633061383335343034623237306264333266623739366231346639323736663363
62643439326666336265366461363463646466666332306330313831393463376630333762323866
64653234326466383738356663626564323632616231396433366434353537323232376436656431
61613761393663663564343635663865366134383634623630346631633732393566623930373933
33653965313965653636613934323936346265333037343530653330643036616362363638653061
62356337623061373931363166643066643561663039663933366261373365643733393830633534
30396363303735646262626430366231326164333062393630363063353237326137373365376563
33356438353837383464373364376565363565386262633536373062653063633134313861633066
31316663353338393066646235303566646565393839626536386638633263363633323736616332
33386538383438366334646639663534393335626461333566366538656566636336626665633436
39636533633437363966363536383930356139306237313732633935666231316135623033616336
64396336363561306265646531353135303730353330326236393430343765346135343961363839
32333863306338313061636164656261653432363731626230336531636135643166323735356438
38356233633666323737346462376265653238633638306336363038356134326636656631613834
33666366656234343835393363653362316139383639333833366461373765633634633065326535
32383065386334666437633733386464303065353562343630366633663261393965336433643166
39623635633430313864356637623364356432646539353531613266363662363265303565323330
32623031363439343037626461653066623565646365633632626166323430613166396464353736
37313232363263613135
